13
26
39
52
65
78
91
104
117
130
143
156
169
182
195
208
221
234
247
260
273
286
299
312
325
338
351
364
377
390
403
416
429
442
455
468
481
494
507
520
533
546
559
572
585
598
611
624
637
650
663
676
689
702
715
728
741
754
767
780
793
806
819
832
845
858
871
884
897
910
923
936
949
962
975
988
1001
1014
1027
1040
1053
1066
1079
1092
1105
1118
1131
1144
1157
1170
1183
1196
1209
1222
1235
1248
1261
1274
1287
1300
1313
1326
1339
1352
1365
1378
1391
1404
1417
1430
1443
1456
1469
1482
1495
1508
1521
1534
1547
1560
1573
1586
1599
1612
1625
1638
1651
1664
1677
1690
1703
1716
1729
1742
1755
1768
1781
1794
1807
1820
1833
1846
1859
1872
1885
1898
1911
1924
1937
1950
1963
1976
1989
2002
2015
2028
2041
2054
2067
2080
2093
2106
2119
2132
2145
2158
2171
2184
2197
2210
2223
2236
2249
2262
2275
2288
2301
2314
2327
2340
2353
2366
2379
2392
2405
2418
2431
2444
2457
2470
2483
2496
2509
2522
2535
2548
2561
2574
2587
2600
2613
2626
2639
2652
2665
2678
2691
2704
2717
2730
2743
2756
2769
2782
2795
2808
2821
2834
2847
2860
2873
2886
2899
2912
2925
2938
2951
2964
2977
2990
3003
3016
3029
3042
3055
3068
3081
3094
3107
3120
3133
3146
3159
3172
3185
3198
3211
3224
3237
3250
3263
3276
3289
3302
3315
3328
3341
3354
3367
3380
3393
3406
3419
3432
3445
3458
3471
3484
3497
3510
3523
3536
3549
3562
3575
3588
3601
3614
3627
3640
3653
3666
3679
3692
3705
3718
3731
3744
3757
3770
3783
3796
3809
3822
3835
3848
3861
3874
3887
3900
3913
3926
3939
3952
3965
3978
3991
4004
4017
4030
4043
4056
4069
4082
4095
4108
4121
4134
4147
4160
4173
4186
4199
4212
4225
4238
4251
4264
4277
4290
4303
4316
4329
4342
4355
4368
4381
4394
4407
4420
4433
4446
4459
4472
4485
4498
4511
4524
4537
4550
4563
4576
4589
4602
4615
4628
4641
4654
4667
4680
4693
4706
4719
4732
4745
4758
4771
4784
4797
4810
4823
4836
4849
4862
4875
4888
4901
4914
4927
4940
4953
4966
4979
4992
5005
5018
5031
5044
5057
5070
5083
5096
5109
5122
5135
5148
5161
5174
5187
5200
5213
5226
5239
5252
5265
5278
5291
5304
5317
5330
5343
5356
5369
5382
5395
5408
5421
5434
5447
5460
5473
5486
5499
5512
5525
5538
5551
5564
5577
5590
5603
5616
5629
5642
5655
5668
5681
5694
5707
5720
5733
5746
5759
5772
5785
5798
5811
5824
5837
5850
5863
5876
5889
5902
5915
5928
5941
5954
5967
5980
5993
6006
6019
6032
6045
6058
6071
6084
6097
6110
6123
6136
6149
6162
6175
6188
6201
6214
6227
6240
6253
6266
6279
6292
6305
6318
6331
6344
6357
6370
6383
6396
6409
6422
6435
6448
6461
6474
6487
6500
6513
6526
6539
6552
6565
6578
6591
6604
6617
6630
6643
6656
6669
6682
6695
6708
6721
6734
6747
6760
6773
6786
6799
6812
6825
6838
6851
6864
6877
6890
6903
6916
6929
6942
6955
6968
6981
6994
7007
7020
7033
7046
7059
7072
7085
7098
7111
7124
7137
7150
7163
7176
7189
7202
7215
7228
7241
7254
7267
7280
7293
7306
7319
7332
7345
7358
7371
7384
7397
7410
7423
7436
7449
7462
7475
7488
7501
7514
7527
7540
7553
7566
7579
7592
7605
7618
7631
7644
7657
7670
7683
7696
7709
7722
7735
7748
7761
7774
7787
7800
7813
7826
7839
7852
7865
7878
7891
7904
7917
7930
7943
7956
7969
7982
7995
8008
8021
8034
8047
8060
8073
8086
8099
8112
8125
8138
8151
8164
8177
8190
8203
8216
8229
8242
8255
8268
8281
8294
8307
8320
8333
8346
8359
8372
8385
8398
8411
8424
8437
8450
8463
8476
8489
8502
8515
8528
8541
8554
8567
8580
8593
8606
8619
8632
8645
8658
8671
8684
8697
8710
8723
8736
8749
8762
8775
8788
8801
8814
8827
8840
8853
8866
8879
8892
8905
8918
8931
8944
8957
8970
8983
8996
9009
9022
9035
9048
9061
9074
9087
9100
9113
9126
9139
9152
9165
9178
9191
9204
9217
9230
9243
9256
9269
9282
9295
9308
9321
9334
9347
9360
9373
9386
9399
9412
9425
9438
9451
9464
9477
9490
9503
9516
9529
9542
9555
9568
9581
9594
9607
9620
9633
9646
9659
9672
9685
9698
9711
9724
9737
9750
9763
9776
9789
9802
9815
9828
9841
9854
9867
9880
9893
9906
9919
9932
9945
9958
9971
9984
9997
10010
10023
10036
10049
10062
10075
10088
10101
10114
10127
10140
10153
10166
10179
10192
10205
10218
10231
10244
10257
10270
10283
10296
10309
10322
10335
10348
10361
10374
10387
10400
10413
10426
10439
10452
10465
10478
10491
10504
10517
10530
10543
10556
10569
10582
10595
10608
10621
10634
10647
10660
10673
10686
10699
10712
10725
10738
10751
10764
10777
10790
10803
10816
10829
10842
10855
10868
10881
10894
10907
10920
10933
10946
10959
10972
10985
10998
11011
11024
11037
11050
11063
11076
11089
11102
11115
11128
11141
11154
11167
11180
11193
11206
11219
11232
11245
11258
11271
11284
11297
11310
11323
11336
11349
11362
11375
11388
11401
11414
11427
11440
11453
11466
11479
11492
11505
11518
11531
11544
11557
11570
11583
11596
11609
11622
11635
11648
11661
11674
11687
11700
11713
11726
11739
11752
11765
11778
11791
11804
11817
11830
11843
11856
11869
11882
11895
11908
11921
11934
11947
11960
11973
11986
11999
12012
12025
12038
12051
12064
12077
12090
12103
12116
12129
12142
12155
12168
12181
12194
12207
12220
12233
12246
12259
12272
12285
12298
12311
12324
12337
12350
12363
12376
12389
12402
12415
12428
12441
12454
12467
12480
12493
12506
12519
12532
12545
12558
12571
12584
12597
12610
12623
12636
12649
12662
12675
12688
12701
12714
12727
12740
12753
12766
12779
12792
12805
12818
12831
12844
12857
12870
12883
12896
12909
12922
12935
12948
12961
12974
12987
13000