19
38
57
76
95
114
133
152
171
190
209
228
247
266
285
304
323
342
361
380
399
418
437
456
475
494
513
532
551
570
589
608
627
646
665
684
703
722
741
760
779
798
817
836
855
874
893
912
931
950
969
988
1007
1026
1045
1064
1083
1102
1121
1140
1159
1178
1197
1216
1235
1254
1273
1292
1311
1330
1349
1368
1387
1406
1425
1444
1463
1482
1501
1520
1539
1558
1577
1596
1615
1634
1653
1672
1691
1710
1729
1748
1767
1786
1805
1824
1843
1862
1881
1900
1919
1938
1957
1976
1995
2014
2033
2052
2071
2090
2109
2128
2147
2166
2185
2204
2223
2242
2261
2280
2299
2318
2337
2356
2375
2394
2413
2432
2451
2470
2489
2508
2527
2546
2565
2584
2603
2622
2641
2660
2679
2698
2717
2736
2755
2774
2793
2812
2831
2850
2869
2888
2907
2926
2945
2964
2983
3002
3021
3040
3059
3078
3097
3116
3135
3154
3173
3192
3211
3230
3249
3268
3287
3306
3325
3344
3363
3382
3401
3420
3439
3458
3477
3496
3515
3534
3553
3572
3591
3610
3629
3648
3667
3686
3705
3724
3743
3762
3781
3800
3819
3838
3857
3876
3895
3914
3933
3952
3971
3990
4009
4028
4047
4066
4085
4104
4123
4142
4161
4180
4199
4218
4237
4256
4275
4294
4313
4332
4351
4370
4389
4408
4427
4446
4465
4484
4503
4522
4541
4560
4579
4598
4617
4636
4655
4674
4693
4712
4731
4750
4769
4788
4807
4826
4845
4864
4883
4902
4921
4940
4959
4978
4997
5016
5035
5054
5073
5092
5111
5130
5149
5168
5187
5206
5225
5244
5263
5282
5301
5320
5339
5358
5377
5396
5415
5434
5453
5472
5491
5510
5529
5548
5567
5586
5605
5624
5643
5662
5681
5700
5719
5738
5757
5776
5795
5814
5833
5852
5871
5890
5909
5928
5947
5966
5985
6004
6023
6042
6061
6080
6099
6118
6137
6156
6175
6194
6213
6232
6251
6270
6289
6308
6327
6346
6365
6384
6403
6422
6441
6460
6479
6498
6517
6536
6555
6574
6593
6612
6631
6650
6669
6688
6707
6726
6745
6764
6783
6802
6821
6840
6859
6878
6897
6916
6935
6954
6973
6992
7011
7030
7049
7068
7087
7106
7125
7144
7163
7182
7201
7220
7239
7258
7277
7296
7315
7334
7353
7372
7391
7410
7429
7448
7467
7486
7505
7524
7543
7562
7581
7600
7619
7638
7657
7676
7695
7714
7733
7752
7771
7790
7809
7828
7847
7866
7885
7904
7923
7942
7961
7980
7999
8018
8037
8056
8075
8094
8113
8132
8151
8170
8189
8208
8227
8246
8265
8284
8303
8322
8341
8360
8379
8398
8417
8436
8455
8474
8493
8512
8531
8550
8569
8588
8607
8626
8645
8664
8683
8702
8721
8740
8759
8778
8797
8816
8835
8854
8873
8892
8911
8930
8949
8968
8987
9006
9025
9044
9063
9082
9101
9120
9139
9158
9177
9196
9215
9234
9253
9272
9291
9310
9329
9348
9367
9386
9405
9424
9443
9462
9481
9500
9519
9538
9557
9576
9595
9614
9633
9652
9671
9690
9709
9728
9747
9766
9785
9804
9823
9842
9861
9880
9899
9918
9937
9956
9975
9994
10013
10032
10051
10070
10089
10108
10127
10146
10165
10184
10203
10222
10241
10260
10279
10298
10317
10336
10355
10374
10393
10412
10431
10450
10469
10488
10507
10526
10545
10564
10583
10602
10621
10640
10659
10678
10697
10716
10735
10754
10773
10792
10811
10830
10849
10868
10887
10906
10925
10944
10963
10982
11001
11020
11039
11058
11077
11096
11115
11134
11153
11172
11191
11210
11229
11248
11267
11286
11305
11324
11343
11362
11381
11400
11419
11438
11457
11476
11495
11514
11533
11552
11571
11590
11609
11628
11647
11666
11685
11704
11723
11742
11761
11780
11799
11818
11837
11856
11875
11894
11913
11932
11951
11970
11989
12008
12027
12046
12065
12084
12103
12122
12141
12160
12179
12198
12217
12236
12255
12274
12293
12312
12331
12350
12369
12388
12407
12426
12445
12464
12483
12502
12521
12540
12559
12578
12597
12616
12635
12654
12673
12692
12711
12730
12749
12768
12787
12806
12825
12844
12863
12882
12901
12920
12939
12958
12977
12996
13015
13034
13053
13072
13091
13110
13129
13148
13167
13186
13205
13224
13243
13262
13281
13300
13319
13338
13357
13376
13395
13414
13433
13452
13471
13490
13509
13528
13547
13566
13585
13604
13623
13642
13661
13680
13699
13718
13737
13756
13775
13794
13813
13832
13851
13870
13889
13908
13927
13946
13965
13984
14003
14022
14041
14060
14079
14098
14117
14136
14155
14174
14193
14212
14231
14250
14269
14288
14307
14326
14345
14364
14383
14402
14421
14440
14459
14478
14497
14516
14535
14554
14573
14592
14611
14630
14649
14668
14687
14706
14725
14744
14763
14782
14801
14820
14839
14858
14877
14896
14915
14934
14953
14972
14991
15010
15029
15048
15067
15086
15105
15124
15143
15162
15181
15200
15219
15238
15257
15276
15295
15314
15333
15352
15371
15390
15409
15428
15447
15466
15485
15504
15523
15542
15561
15580
15599
15618
15637
15656
15675
15694
15713
15732
15751
15770
15789
15808
15827
15846
15865
15884
15903
15922
15941
15960
15979
15998
16017
16036
16055
16074
16093
16112
16131
16150
16169
16188
16207
16226
16245
16264
16283
16302
16321
16340
16359
16378
16397
16416
16435
16454
16473
16492
16511
16530
16549
16568
16587
16606
16625
16644
16663
16682
16701
16720
16739
16758
16777
16796
16815
16834
16853
16872
16891
16910
16929
16948
16967
16986
17005
17024
17043
17062
17081
17100
17119
17138
17157
17176
17195
17214
17233
17252
17271
17290
17309
17328
17347
17366
17385
17404
17423
17442
17461
17480
17499
17518
17537
17556
17575
17594
17613
17632
17651
17670
17689
17708
17727
17746
17765
17784
17803
17822
17841
17860
17879
17898
17917
17936
17955
17974
17993
18012
18031
18050
18069
18088
18107
18126
18145
18164
18183
18202
18221
18240
18259
18278
18297
18316
18335
18354
18373
18392
18411
18430
18449
18468
18487
18506
18525
18544
18563
18582
18601
18620
18639
18658
18677
18696
18715
18734
18753
18772
18791
18810
18829
18848
18867
18886
18905
18924
18943
18962
18981
19000