23
46
69
92
115
138
161
184
207
230
253
276
299
322
345
368
391
414
437
460
483
506
529
552
575
598
621
644
667
690
713
736
759
782
805
828
851
874
897
920
943
966
989
1012
1035
1058
1081
1104
1127
1150
1173
1196
1219
1242
1265
1288
1311
1334
1357
1380
1403
1426
1449
1472
1495
1518
1541
1564
1587
1610
1633
1656
1679
1702
1725
1748
1771
1794
1817
1840
1863
1886
1909
1932
1955
1978
2001
2024
2047
2070
2093
2116
2139
2162
2185
2208
2231
2254
2277
2300
2323
2346
2369
2392
2415
2438
2461
2484
2507
2530
2553
2576
2599
2622
2645
2668
2691
2714
2737
2760
2783
2806
2829
2852
2875
2898
2921
2944
2967
2990
3013
3036
3059
3082
3105
3128
3151
3174
3197
3220
3243
3266
3289
3312
3335
3358
3381
3404
3427
3450
3473
3496
3519
3542
3565
3588
3611
3634
3657
3680
3703
3726
3749
3772
3795
3818
3841
3864
3887
3910
3933
3956
3979
4002
4025
4048
4071
4094
4117
4140
4163
4186
4209
4232
4255
4278
4301
4324
4347
4370
4393
4416
4439
4462
4485
4508
4531
4554
4577
4600
4623
4646
4669
4692
4715
4738
4761
4784
4807
4830
4853
4876
4899
4922
4945
4968
4991
5014
5037
5060
5083
5106
5129
5152
5175
5198
5221
5244
5267
5290
5313
5336
5359
5382
5405
5428
5451
5474
5497
5520
5543
5566
5589
5612
5635
5658
5681
5704
5727
5750
5773
5796
5819
5842
5865
5888
5911
5934
5957
5980
6003
6026
6049
6072
6095
6118
6141
6164
6187
6210
6233
6256
6279
6302
6325
6348
6371
6394
6417
6440
6463
6486
6509
6532
6555
6578
6601
6624
6647
6670
6693
6716
6739
6762
6785
6808
6831
6854
6877
6900
6923
6946
6969
6992
7015
7038
7061
7084
7107
7130
7153
7176
7199
7222
7245
7268
7291
7314
7337
7360
7383
7406
7429
7452
7475
7498
7521
7544
7567
7590
7613
7636
7659
7682
7705
7728
7751
7774
7797
7820
7843
7866
7889
7912
7935
7958
7981
8004
8027
8050
8073
8096
8119
8142
8165
8188
8211
8234
8257
8280
8303
8326
8349
8372
8395
8418
8441
8464
8487
8510
8533
8556
8579
8602
8625
8648
8671
8694
8717
8740
8763
8786
8809
8832
8855
8878
8901
8924
8947
8970
8993
9016
9039
9062
9085
9108
9131
9154
9177
9200
9223
9246
9269
9292
9315
9338
9361
9384
9407
9430
9453
9476
9499
9522
9545
9568
9591
9614
9637
9660
9683
9706
9729
9752
9775
9798
9821
9844
9867
9890
9913
9936
9959
9982
10005
10028
10051
10074
10097
10120
10143
10166
10189
10212
10235
10258
10281
10304
10327
10350
10373
10396
10419
10442
10465
10488
10511
10534
10557
10580
10603
10626
10649
10672
10695
10718
10741
10764
10787
10810
10833
10856
10879
10902
10925
10948
10971
10994
11017
11040
11063
11086
11109
11132
11155
11178
11201
11224
11247
11270
11293
11316
11339
11362
11385
11408
11431
11454
11477
11500
11523
11546
11569
11592
11615
11638
11661
11684
11707
11730
11753
11776
11799
11822
11845
11868
11891
11914
11937
11960
11983
12006
12029
12052
12075
12098
12121
12144
12167
12190
12213
12236
12259
12282
12305
12328
12351
12374
12397
12420
12443
12466
12489
12512
12535
12558
12581
12604
12627
12650
12673
12696
12719
12742
12765
12788
12811
12834
12857
12880
12903
12926
12949
12972
12995
13018
13041
13064
13087
13110
13133
13156
13179
13202
13225
13248
13271
13294
13317
13340
13363
13386
13409
13432
13455
13478
13501
13524
13547
13570
13593
13616
13639
13662
13685
13708
13731
13754
13777
13800
13823
13846
13869
13892
13915
13938
13961
13984
14007
14030
14053
14076
14099
14122
14145
14168
14191
14214
14237
14260
14283
14306
14329
14352
14375
14398
14421
14444
14467
14490
14513
14536
14559
14582
14605
14628
14651
14674
14697
14720
14743
14766
14789
14812
14835
14858
14881
14904
14927
14950
14973
14996
15019
15042
15065
15088
15111
15134
15157
15180
15203
15226
15249
15272
15295
15318
15341
15364
15387
15410
15433
15456
15479
15502
15525
15548
15571
15594
15617
15640
15663
15686
15709
15732
15755
15778
15801
15824
15847
15870
15893
15916
15939
15962
15985
16008
16031
16054
16077
16100
16123
16146
16169
16192
16215
16238
16261
16284
16307
16330
16353
16376
16399
16422
16445
16468
16491
16514
16537
16560
16583
16606
16629
16652
16675
16698
16721
16744
16767
16790
16813
16836
16859
16882
16905
16928
16951
16974
16997
17020
17043
17066
17089
17112
17135
17158
17181
17204
17227
17250
17273
17296
17319
17342
17365
17388
17411
17434
17457
17480
17503
17526
17549
17572
17595
17618
17641
17664
17687
17710
17733
17756
17779
17802
17825
17848
17871
17894
17917
17940
17963
17986
18009
18032
18055
18078
18101
18124
18147
18170
18193
18216
18239
18262
18285
18308
18331
18354
18377
18400
18423
18446
18469
18492
18515
18538
18561
18584
18607
18630
18653
18676
18699
18722
18745
18768
18791
18814
18837
18860
18883
18906
18929
18952
18975
18998
19021
19044
19067
19090
19113
19136
19159
19182
19205
19228
19251
19274
19297
19320
19343
19366
19389
19412
19435
19458
19481
19504
19527
19550
19573
19596
19619
19642
19665
19688
19711
19734
19757
19780
19803
19826
19849
19872
19895
19918
19941
19964
19987
20010
20033
20056
20079
20102
20125
20148
20171
20194
20217
20240
20263
20286
20309
20332
20355
20378
20401
20424
20447
20470
20493
20516
20539
20562
20585
20608
20631
20654
20677
20700
20723
20746
20769
20792
20815
20838
20861
20884
20907
20930
20953
20976
20999
21022
21045
21068
21091
21114
21137
21160
21183
21206
21229
21252
21275
21298
21321
21344
21367
21390
21413
21436
21459
21482
21505
21528
21551
21574
21597
21620
21643
21666
21689
21712
21735
21758
21781
21804
21827
21850
21873
21896
21919
21942
21965
21988
22011
22034
22057
22080
22103
22126
22149
22172
22195
22218
22241
22264
22287
22310
22333
22356
22379
22402
22425
22448
22471
22494
22517
22540
22563
22586
22609
22632
22655
22678
22701
22724
22747
22770
22793
22816
22839
22862
22885
22908
22931
22954
22977
23000